0 100
1 582
2 628
3 157
4 582
5 683
6 103
6 527
6 706
7 235
8 502
9 57
10 235
11 315
11 748
12 235
13 157
13 731
14 297
15 115
15 527
17 264
18 277
18 538
19 106
19 146
19 329
19 368
19 467
19 668
19 677
20 628
21 100
22 566
23 235
24 244
25 323
25 715
26 297
27 264
28 277
29 144
30 89
30 298
30 326
30 457
30 632
31 247
32 628
33 319
34 479
35 83
36 235
37 118
37 272
37 319
39 235
40 533
41 146
41 329
41 368
41 467
41 650
41 677
42 174
43 144
44 277
45 290
45 296
45 316
45 427
45 506
45 615
45 625
45 709
45 729
47 235
48 417
50 157
51 55
51 174
51 500
52 244
53 245
54 315
55 158
56 492
58 683
59 611
60 515
61 235
62 497
63 235
63 699
64 385
64 502
64 539
65 515
66 107
66 316
67 373
67 404
68 316
69 158
70 245
71 479
72 726
73 116
73 268
74 566
75 117
76 144
77 158
78 168
79 628
80 316
80 330
80 495
81 45
81 66
81 80
81 87
81 316
81 680
81 724
82 150
82 163
82 319
83 228
84 243
84 409
84 628
85 226
86 515
87 316
87 599
88 547
88 677
89 450
89 530
90 515
91 628
92 515
93 157
94 304
95 83
96 715
97 566
98 244
99 313
99 363
99 439
99 527
99 706
101 530
102 286
103 144
104 116
104 268
105 38
106 157
106 650
106 740
107 66
108 530
109 430
109 595
110 16
111 492
112 566
114 146
115 99
115 527
116 57
118 359
118 515
119 368
120 235
121 286
121 719
122 158
123 417
125 497
126 188
126 696
127 245
128 140
128 141
128 235
128 237
128 265
128 266
128 370
128 447
128 468
128 528
128 661
128 676
128 688
128 710
129 245
130 417
131 144
132 245
133 235
134 454
134 683
135 527
135 711
137 83
138 611
139 515
140 47
140 63
140 235
140 265
141 133
141 235
141 265
141 378
142 238
143 368
145 48
145 417
147 113
148 100
150 515
152 674
153 245
154 527
155 286
156 715
158 57
159 264
160 683
161 316
163 515
164 515
164 559
165 204
165 237
165 611
166 162
167 417
168 245
169 113
170 566
171 533
172 566
173 417
174 124
175 146
175 329
175 368
175 467
175 650
175 668
175 677
176 146
177 84
177 197
177 404
178 582
179 264
181 204
181 611
182 157
183 626
184 235
184 323
184 596
185 703
186 57
187 49
187 499
189 235
189 324
189 469
190 566
191 417
191 629
192 235
193 174
194 628
195 235
196 316
197 79
197 145
197 207
197 302
197 404
198 226
199 245
200 368
200 426
201 316
201 562
202 287
202 319
202 439
202 488
203 530
204 57
205 515
205 534
206 315
207 273
207 291
207 417
208 174
208 193
208 240
209 566
210 566
211 235
212 235
213 79
213 84
213 145
213 191
213 207
213 302
213 475
213 628
214 57
215 497
216 715
217 495
218 244
219 515
219 559
220 229
221 344
221 628
222 116
222 268
224 515
225 191
225 417
226 611
227 158
230 530
231 55
231 158
232 201
232 257
232 315
232 597
233 128
233 235
234 226
235 611
236 59
236 138
236 611
237 57
239 150
239 163
239 319
240 260
240 527
242 150
242 224
242 319
243 35
243 95
243 628
246 566
248 16
248 450
248 564
248 631
249 43
249 235
249 251
249 693
250 70
251 611
252 515
253 502
255 674
256 515
257 316
258 209
258 566
259 274
260 527
261 417
261 439
262 40
262 171
262 361
262 533
263 128
263 235
263 249
265 235
266 235
266 662
267 628
270 196
270 316
270 407
271 226
271 323
272 515
273 113
275 566
276 235
278 726
279 326
280 604
281 611
282 286
283 595
284 235
285 214
285 235
285 699
285 704
286 83
287 515
288 547
289 664
290 316
291 393
291 417
292 628
293 99
293 527
294 83
296 316
297 624
298 193
298 329
298 438
298 530
298 564
299 16
300 530
302 105
302 417
303 715
304 94
304 683
306 626
307 388
307 569
308 319
309 297
310 277
311 502
311 726
311 739
312 194
312 628
313 144
314 174
317 204
317 395
317 527
318 297
320 497
321 326
322 566
323 611
324 144
325 144
327 158
328 498
328 611
329 157
329 533
329 731
330 316
332 64
332 344
333 316
334 188
334 430
335 144
336 454
337 264
338 674
339 319
339 364
339 518
341 703
343 146
344 221
345 100
346 65
346 150
346 205
346 319
346 416
346 627
347 286
348 739
350 100
351 527
352 49
353 117
354 193
354 530
355 527
356 349
356 647
357 515
358 244
359 515
360 582
361 533
362 417
362 439
363 527
364 515
365 157
366 664
367 57
368 146
369 226
370 235
370 265
370 662
371 306
371 349
372 286
373 309
373 453
373 628
374 566
375 368
376 389
376 617
377 683
378 235
378 265
379 515
380 286
381 703
382 515
384 168
385 502
386 739
387 315
388 470
389 38
390 188
391 264
393 417
394 264
395 57
396 417
396 642
397 315
398 77
398 530
399 245
400 245
401 628
402 559
403 226
404 628
405 497
406 595
407 316
408 85
408 226
408 415
409 236
409 531
409 598
409 628
409 738
410 158
411 703
412 349
412 463
413 188
414 264
415 226
416 416
416 515
416 636
418 316
419 83
420 20
420 32
420 453
420 474
421 566
422 515
423 628
424 703
425 113
426 368
427 147
427 316
428 527
429 124
430 264
431 205
431 319
431 627
432 566
433 158
433 640
434 9
434 186
434 226
434 237
434 395
434 612
434 725
435 683
435 697
436 158
437 168
438 157
439 183
439 626
439 646
440 683
441 703
442 515
443 739
444 582
445 158
446 515
447 192
447 235
447 265
448 245
449 566
450 174
450 633
451 566
452 628
453 628
454 134
455 235
456 495
457 530
457 614
458 611
459 226
460 316
461 264
462 330
463 626
464 515
465 158
466 527
466 711
467 157
468 47
468 235
468 237
469 235
470 132
470 245
470 388
471 703
472 527
473 124
474 221
474 628
475 113
475 653
476 174
477 566
478 286
480 113
481 515
482 146
483 235
484 315
485 113
486 316
487 29
487 527
487 706
488 359
488 481
488 515
489 126
489 188
489 390
489 413
490 389
491 245
493 703
494 316
495 316
496 566
498 611
499 49
500 116
500 131
500 174
500 702
501 315
503 235
504 315
505 530
506 316
507 245
508 315
508 666
509 611
510 383
511 226
512 235
513 726
514 319
515 703
516 316
517 530
518 359
518 515
519 330
520 235
521 527
522 628
523 16
524 502
524 726
524 739
525 49
526 158
528 235
528 237
528 528
529 342
530 286
531 611
531 612
532 417
533 157
534 515
535 515
536 515
537 188
538 277
539 502
540 674
541 515
541 559
542 146
543 65
543 150
543 319
544 235
545 427
545 485
545 599
546 187
546 247
546 258
547 157
548 115
548 527
550 527
551 226
552 228
554 311
554 502
554 524
555 168
556 683
557 628
558 530
561 244
562 113
563 146
564 106
564 157
564 467
564 620
565 664
567 94
569 245
570 168
572 118
572 150
572 204
572 205
572 237
572 488
572 515
572 518
572 605
572 630
573 174
574 611
575 515
576 235
577 174
577 684
578 162
579 515
579 626
581 566
582 188
583 296
583 316
584 491
584 569
585 316
586 264
587 245
588 527
589 703
590 274
591 319
591 439
591 442
591 488
592 297
593 368
594 683
596 187
596 247
596 258
596 430
597 316
597 480
598 281
598 611
599 87
600 168
601 515
602 45
602 107
603 316
604 610
605 57
606 502
607 157
608 566
609 566
610 604
610 683
611 559
611 674
612 611
613 264
614 530
615 316
616 330
617 88
617 207
617 208
617 430
617 433
617 450
617 530
618 286
619 316
620 157
620 329
621 683
622 417
623 117
623 430
625 316
625 460
627 515
628 297
629 38
630 57
631 329
631 547
632 326
633 527
634 417
635 495
636 515
637 247
638 113
639 316
640 158
641 229
642 38
643 264
644 158
645 515
646 626
647 626
648 235
649 235
649 265
649 704
650 13
650 157
651 157
652 277
653 113
654 124
655 703
656 235
657 245
658 9
658 186
658 611
658 725
659 703
660 527
661 192
661 235
661 237
662 235
663 164
663 402
663 515
665 106
665 157
666 316
667 715
668 157
669 158
670 49
671 235
672 286
673 188
674 228
675 715
676 235
676 237
676 662
677 157
678 417
679 739
680 316
680 330
680 495
682 502
684 174
685 115
685 527
688 23
688 235
688 265
689 628
690 6
690 99
690 487
690 527
691 417
692 146
692 329
692 368
692 467
692 620
692 665
692 677
693 235
694 626
695 70
696 245
696 507
697 435
698 331
699 235
700 264
701 274
702 144
703 57
703 144
704 235
704 699
705 582
706 174
707 582
708 566
709 316
710 23
710 235
711 99
711 527
712 530
713 26
713 134
713 697
714 205
714 222
714 319
714 627
715 611
716 174
717 628
718 235
719 286
720 158
721 715
722 492
724 316
724 330
725 57
726 502
727 297
728 515
729 316
731 533
732 527
732 711
733 70
734 497
735 417
736 683
737 316
738 611
739 502
740 124
741 389
742 205
742 319
743 527
744 113
745 264
746 319
746 379
747 274
748 315
