1 3 1
1 5 1
1 32 1
1 34 1
1 35 1
1 37 1
1 161 1
1 164 1
1 166 1
1 184 1
1 191 1
1 389 1
1 475 1
1 562 1
1 672 1
2 3 1
3 1 1
3 2 1
4 6 1
4 27 1
5 1 1
5 6 1
5 7 1
5 35 1
5 39 1
5 128 1
5 131 1
5 344 1
5 352 1
5 375 1
5 376 1
5 396 1
5 415 1
5 559 1
5 561 1
5 566 1
5 585 1
5 586 1
5 672 1
6 4 1
6 395 1
6 586 1
7 5 1
7 8 1
7 33 1
7 242 1
7 266 1
7 468 1
8 7 1
8 9 1
9 8 1
9 11 1
9 331 1
9 332 1
10 11 1
10 12 1
10 13 1
10 39 1
10 41 1
10 47 1
10 108 1
10 193 1
11 9 1
11 10 1
12 10 1
12 13 1
12 77 1
12 96 1
12 108 1
12 354 1
12 541 1
12 591 1
12 610 1
13 10 1
13 12 1
13 14 1
13 79 1
14 13 1
14 16 1
14 18 1
14 49 1
14 82 1
14 84 1
14 91 1
15 16 1
15 54 1
16 14 1
16 17 1
16 18 1
16 20 1
17 16 1
17 20 1
17 67 1
17 115 1
17 504 1
17 511 1
18 14 1
18 16 1
18 19 1
18 51 1
18 507 1
19 18 1
19 20 1
19 112 1
20 16 1
20 19 1
20 80 1
21 22 1
22 18 1
23 24 1
24 18 1
25 26 1
25 29 1
25 307 1
25 450 1
25 578 1
26 25 1
26 35 1
26 214 1
26 215 1
26 246 1
27 4 1
28 27 1
28 30 1
28 31 1
28 33 1
28 203 1
29 25 1
29 385 1
30 28 1
30 31 1
31 25 1
31 30 1
31 32 1
31 36 1
31 263 1
32 1 1
32 31 1
32 33 1
32 34 1
32 36 1
32 672 1
33 7 1
33 28 1
33 32 1
33 34 1
33 35 1
33 215 1
33 571 1
34 1 1
34 32 1
34 33 1
35 1 1
35 5 1
35 26 1
35 33 1
35 263 1
36 31 1
36 32 1
37 1 1
37 133 1
37 173 1
37 175 1
37 177 1
37 181 1
37 183 1
37 620 1
38 43 1
38 228 1
38 245 1
38 280 1
38 283 1
38 424 1
39 5 1
39 10 1
39 52 1
40 41 1
41 10 1
41 40 1
41 42 1
42 41 1
42 249 1
42 262 1
42 299 1
43 38 1
43 44 1
43 45 1
43 46 1
43 48 1
44 43 1
44 254 1
44 259 1
45 43 1
46 43 1
46 47 1
47 10 1
47 46 1
47 48 1
47 64 1
48 43 1
48 47 1
48 63 1
48 592 1
49 14 1
49 468 1
49 591 1
49 608 1
50 39 1
50 48 1
50 51 1
51 50 1
52 39 1
52 70 1
52 76 1
53 50 1
55 62 1
55 65 1
56 55 1
57 56 1
57 74 1
58 69 1
59 58 1
60 61 1
61 60 1
61 62 1
62 47 1
62 55 1
62 61 1
63 48 1
64 47 1
64 66 1
65 55 1
65 77 1
66 64 1
67 17 1
67 68 1
67 124 1
67 282 1
67 500 1
67 503 1
68 67 1
69 58 1
69 70 1
70 52 1
70 69 1
71 52 1
72 71 1
73 72 1
74 57 1
75 76 1
76 52 1
76 75 1
77 12 1
77 65 1
77 78 1
78 77 1
78 569 1
78 570 1
79 13 1
79 93 1
80 20 1
80 79 1
80 115 1
81 80 1
82 14 1
83 82 1
84 14 1
84 86 1
85 84 1
85 120 1
86 84 1
86 88 1
88 86 1
88 87 1
88 90 1
90 89 1
91 14 1
91 92 1
91 100 1
92 91 1
92 121 1
93 79 1
93 118 1
94 95 1
95 94 1
95 96 1
96 12 1
97 99 1
98 97 1
98 101 1
99 560 1
100 91 1
101 98 1
102 103 1
102 104 1
103 102 1
103 108 1
104 102 1
105 106 1
105 115 1
106 119 1
106 120 1
106 121 1
106 123 1
106 125 1
107 105 1
107 106 1
108 10 1
108 12 1
108 103 1
109 10 1
110 111 1
110 112 1
111 110 1
112 19 1
112 110 1
113 15 1
113 106 1
114 106 1
114 113 1
115 15 1
115 17 1
115 20 1
115 80 1
115 498 1
115 502 1
117 20 1
117 106 1
117 116 1
118 93 1
118 119 1
118 541 1
118 542 1
119 106 1
119 118 1
120 85 1
120 106 1
121 92 1
121 106 1
122 123 1
122 518 1
123 106 1
123 122 1
124 67 1
124 125 1
124 517 1
125 106 1
125 124 1
126 109 1
126 127 1
127 126 1
128 5 1
128 129 1
129 128 1
129 131 1
129 331 1
130 131 1
131 5 1
131 129 1
131 130 1
131 132 1
132 131 1
133 187 1
134 150 1
135 134 1
135 151 1
136 134 1
136 137 1
136 139 1
136 141 1
136 143 1
136 145 1
136 147 1
136 161 1
138 137 1
138 152 1
139 153 1
140 139 1
140 154 1
142 141 1
142 155 1
143 156 1
144 143 1
144 157 1
145 158 1
146 145 1
146 159 1
147 160 1
148 149 1
148 150 1
149 148 1
150 134 1
150 148 1
151 135 1
152 138 1
152 153 1
153 139 1
153 152 1
154 140 1
155 142 1
155 156 1
156 143 1
156 155 1
157 144 1
157 158 1
158 145 1
158 157 1
159 146 1
159 160 1
160 147 1
160 159 1
161 1 1
161 136 1
161 163 1
162 163 1
163 161 1
163 162 1
164 1 1
164 165 1
165 164 1
165 176 1
166 1 1
166 167 1
166 181 1
167 166 1
167 178 1
168 169 1
169 168 1
169 180 1
170 192 1
171 170 1
172 190 1
173 37 1
173 172 1
173 191 1
174 189 1
175 37 1
175 174 1
176 165 1
177 37 1
177 176 1
177 188 1
178 167 1
179 178 1
180 169 1
181 37 1
181 166 1
181 180 1
182 185 1
183 37 1
183 182 1
183 584 1
184 1 1
184 185 1
184 579 1
185 182 1
185 184 1
185 581 1
186 187 1
187 133 1
187 186 1
188 177 1
188 189 1
189 174 1
189 188 1
190 172 1
191 1 1
191 173 1
191 192 1
192 170 1
192 191 1
196 195 1
196 197 1
197 196 1
198 197 1
198 201 1
199 194 1
200 199 1
200 201 1
201 198 1
201 200 1
201 459 1
201 460 1
202 207 1
203 28 1
203 202 1
203 206 1
203 210 1
203 215 1
203 216 1
203 229 1
203 309 1
203 310 1
203 311 1
203 314 1
203 316 1
204 205 1
204 216 1
205 204 1
205 217 1
205 225 1
206 210 1
207 209 1
208 209 1
208 212 1
209 207 1
209 208 1
210 203 1
210 206 1
211 212 1
211 213 1
211 214 1
212 205 1
212 211 1
213 211 1
213 277 1
214 26 1
214 211 1
214 215 1
214 218 1
215 26 1
215 33 1
215 203 1
215 214 1
215 246 1
215 277 1
215 318 1
215 321 1
215 325 1
215 326 1
215 340 1
215 609 1
216 307 1
218 214 1
218 222 1
218 414 1
218 422 1
219 245 1
219 247 1
219 249 1
219 251 1
219 367 1
220 219 1
220 360 1
221 216 1
222 205 1
223 217 1
223 220 1
224 223 1
224 367 1
226 227 1
227 226 1
227 263 1
228 230 1
229 203 1
229 213 1
229 228 1
229 257 1
229 284 1
229 312 1
229 317 1
229 325 1
230 231 1
231 233 1
231 567 1
232 237 1
233 232 1
234 238 1
234 567 1
235 234 1
235 236 1
235 276 1
236 235 1
236 237 1
237 232 1
237 236 1
238 234 1
238 246 1
238 251 1
238 254 1
238 258 1
239 240 1
239 242 1
239 261 1
239 266 1
239 281 1
239 282 1
239 284 1
239 288 1
240 239 1
240 242 1
240 244 1
240 245 1
242 7 1
242 239 1
242 240 1
242 241 1
242 242 1
242 243 1
243 244 1
243 283 1
243 289 1
244 243 1
244 248 1
245 38 1
245 43 1
245 219 1
245 240 1
245 247 1
246 26 1
246 215 1
246 245 1
247 219 1
247 254 1
248 244 1
248 249 1
249 42 1
249 219 1
249 248 1
249 250 1
250 249 1
250 251 1
251 238 1
251 254 1
252 253 1
253 251 1
253 252 1
253 258 1
253 273 1
254 44 1
254 238 1
254 251 1
255 256 1
256 255 1
256 289 1
257 238 1
257 259 1
257 260 1
257 261 1
258 238 1
258 252 1
258 253 1
258 257 1
259 44 1
259 257 1
259 260 1
260 253 1
260 257 1
260 259 1
260 262 1
261 239 1
261 257 1
261 264 1
261 266 1
261 267 1
262 42 1
262 260 1
262 268 1
263 35 1
263 129 1
263 415 1
263 566 1
263 569 1
264 261 1
264 265 1
265 264 1
266 7 1
266 239 1
266 261 1
266 265 1
266 269 1
266 275 1
266 603 1
266 645 1
267 268 1
267 269 1
268 262 1
268 267 1
269 262 1
269 267 1
269 283 1
269 289 1
270 240 1
271 272 1
272 271 1
272 620 1
274 43 1
276 235 1
277 278 1
278 277 1
278 279 1
279 278 1
279 280 1
280 38 1
280 279 1
280 283 1
281 239 1
281 282 1
281 283 1
281 298 1
282 67 1
282 239 1
282 281 1
282 284 1
282 289 1
282 292 1
282 524 1
283 38 1
283 281 1
283 285 1
283 286 1
284 239 1
284 282 1
284 288 1
284 293 1
285 283 1
285 286 1
285 287 1
285 299 1
286 283 1
286 285 1
287 285 1
288 239 1
288 284 1
288 289 1
288 294 1
289 288 1
289 290 1
290 286 1
290 289 1
291 285 1
292 283 1
292 289 1
292 297 1
292 298 1
293 283 1
293 289 1
293 292 1
293 294 1
294 293 1
295 294 1
295 296 1
296 299 1
297 298 1
297 300 1
298 292 1
298 297 1
299 42 1
299 285 1
299 297 1
300 302 1
300 303 1
301 283 1
301 289 1
301 302 1
302 300 1
302 301 1
303 42 1
303 300 1
303 304 1
304 305 1
304 306 1
305 304 1
306 304 1
307 25 1
307 216 1
308 203 1
308 315 1
308 491 1
308 494 1
308 495 1
308 497 1
309 308 1
310 203 1
310 486 1
311 650 1
312 520 1
312 531 1
312 532 1
313 161 1
314 203 1
314 421 1
315 308 1
318 319 1
318 470 1
319 318 1
320 318 1
320 423 1
322 323 1
322 324 1
322 481 1
323 322 1
323 666 1
324 322 1
324 488 1
325 215 1
325 327 1
328 330 1
329 328 1
331 9 1
331 129 1
331 565 1
332 9 1
332 341 1
333 551 1
334 333 1
334 546 1
335 308 1
335 336 1
335 337 1
335 339 1
335 344 1
335 348 1
335 351 1
336 335 1
339 335 1
339 338 1
339 346 1
339 348 1
340 349 1
341 332 1
341 344 1
342 335 1
343 479 1
344 5 1
344 334 1
344 335 1
344 343 1
344 345 1
344 369 1
344 377 1
345 344 1
345 351 1
345 357 1
345 568 1
345 587 1
345 588 1
346 363 1
346 395 1
347 339 1
348 335 1
349 350 1
349 400 1
350 347 1
350 349 1
350 363 1
351 345 1
351 356 1
352 5 1
354 5 1
354 353 1
354 558 1
354 563 1
355 354 1
357 345 1
357 567 1
357 587 1
357 588 1
357 636 1
358 224 1
358 364 1
359 358 1
361 358 1
361 363 1
361 366 1
361 368 1
362 361 1
362 366 1
363 346 1
363 350 1
363 361 1
363 362 1
363 653 1
366 361 1
366 362 1
367 219 1
367 224 1
367 368 1
368 361 1
368 367 1
370 371 1
370 474 1
371 370 1
372 375 1
373 5 1
375 309 1
375 374 1
375 623 1
376 375 1
377 344 1
377 375 1
377 378 1
377 481 1
377 672 1
379 380 1
379 389 1
379 627 1
380 379 1
380 393 1
381 576 1
381 577 1
382 1 1
382 381 1
382 383 1
383 382 1
384 383 1
385 29 1
386 388 1
387 386 1
388 346 1
389 390 1
390 389 1
390 391 1
391 390 1
391 392 1
392 391 1
394 379 1
394 397 1
396 397 1
397 394 1
397 396 1
399 398 1
400 401 1
401 400 1
401 402 1
402 403 1
403 402 1
403 404 1
404 405 1
405 399 1
405 404 1
405 406 1
406 407 1
406 408 1
408 654 1
410 335 1
410 409 1
411 203 1
412 411 1
413 412 1
414 413 1
415 5 1
415 263 1
416 417 1
417 415 1
417 416 1
418 417 1
418 419 1
419 418 1
421 314 1
421 420 1
422 218 1
423 425 1
424 38 1
424 433 1
426 423 1
427 426 1
428 427 1
428 429 1
429 428 1
430 429 1
432 431 1
433 432 1
434 435 1
434 463 1
435 434 1
435 460 1
436 3 1
436 5 1
437 436 1
438 26 1
438 437 1
439 438 1
440 439 1
441 439 1
442 440 1
443 450 1
444 443 1
445 443 1
446 445 1
447 448 1
447 460 1
448 447 1
448 462 1
449 447 1
450 25 1
451 1 1
451 29 1
452 453 1
452 456 1
453 452 1
453 454 1
453 456 1
455 201 1
455 464 1
456 452 1
456 453 1
456 457 1
457 456 1
457 458 1
458 457 1
458 459 1
459 458 1
460 201 1
460 435 1
460 447 1
460 461 1
461 448 1
464 455 1
465 464 1
465 466 1
466 465 1
466 467 1
466 469 1
467 466 1
468 467 1
469 466 1
470 625 1
471 217 1
471 223 1
472 372 1
474 472 1
474 473 1
474 476 1
475 1 1
475 672 1
477 480 1
478 477 1
480 477 1
480 479 1
481 322 1
481 483 1
483 482 1
484 486 1
485 484 1
487 310 1
490 335 1
490 489 1
491 203 1
491 490 1
492 493 1
493 492 1
493 615 1
494 335 1
494 375 1
496 495 1
497 308 1
499 20 1
501 19 1
503 505 1
503 506 1
504 17 1
505 15 1
505 503 1
506 503 1
507 18 1
508 20 1
508 509 1
508 510 1
511 17 1
511 512 1
511 513 1
511 514 1
511 519 1
512 511 1
514 516 1
515 516 1
516 515 1
516 519 1
518 122 1
519 511 1
519 516 1
520 47 1
520 49 1
520 312 1
521 531 1
522 521 1
523 485 1
523 524 1
524 282 1
524 523 1
524 526 1
524 528 1
524 530 1
524 538 1
526 524 1
526 525 1
527 528 1
528 524 1
528 527 1
528 529 1
529 528 1
529 531 1
530 524 1
531 312 1
531 529 1
532 530 1
534 533 1
535 534 1
535 536 1
537 535 1
538 537 1
539 549 1
540 539 1
541 12 1
541 540 1
541 555 1
542 12 1
542 118 1
543 539 1
544 122 1
545 122 1
547 3 1
548 541 1
548 547 1
549 334 1
549 539 1
549 553 1
549 556 1
550 539 1
550 540 1
551 333 1
552 556 1
553 552 1
554 329 1
554 541 1
557 99 1
558 354 1
558 559 1
559 5 1
560 5 1
561 5 1
561 567 1
562 1 1
562 672 1
563 354 1
564 29 1
565 129 1
565 331 1
566 5 1
566 263 1
567 231 1
567 234 1
567 357 1
567 365 1
567 561 1
567 568 1
568 345 1
568 357 1
568 567 1
568 589 1
569 78 1
569 263 1
570 78 1
571 33 1
572 569 1
573 381 1
573 574 1
574 573 1
574 577 1
576 575 1
577 381 1
577 574 1
578 25 1
579 184 1
580 1 1
581 185 1
582 183 1
582 583 1
583 582 1
584 183 1
585 5 1
586 628 1
587 345 1
587 357 1
587 590 1
588 357 1
588 358 1
590 357 1
590 587 1
593 520 1
594 600 1
595 4 1
595 596 1
596 595 1
597 595 1
598 595 1
599 597 1
600 598 1
602 601 1
603 602 1
605 604 1
605 606 1
605 607 1
607 605 1
607 608 1
608 49 1
608 607 1
609 610 1
610 611 1
611 612 1
611 613 1
611 614 1
612 611 1
612 613 1
613 611 1
613 612 1
614 611 1
614 615 1
615 493 1
615 617 1
616 613 1
616 618 1
617 615 1
617 618 1
618 616 1
619 37 1
619 621 1
621 619 1
622 621 1
623 621 1
624 623 1
625 623 1
626 470 1
626 627 1
627 626 1
628 379 1
629 162 1
630 629 1
631 630 1
632 631 1
633 632 1
634 633 1
635 637 1
636 357 1
637 587 1
638 637 1
639 637 1
639 638 1
640 78 1
640 639 1
641 640 1
642 640 1
642 641 1
642 646 1
643 642 1
644 643 1
645 644 1
648 647 1
649 648 1
650 649 1
651 213 1
651 652 1
652 651 1
653 361 1
655 327 1
656 425 1
657 462 1
658 422 1
659 317 1
660 374 1
661 337 1
662 321 1
663 343 1
664 364 1
665 393 1
666 323 1
667 338 1
668 454 1
669 463 1
670 420 1
671 311 1
672 1 1
672 32 1
672 475 1
672 562 1