0 1
0 50
0 71
0 76
0 77
0 89
0 91
0 157
0 158
1 68
1 70
1 76
1 88
1 90
1 112
1 157
2 8
2 16
2 20
2 22
2 30
2 46
2 77
2 92
2 93
2 120
2 124
2 130
3 9
3 15
3 17
3 21
3 23
3 31
3 59
3 76
3 92
3 93
3 96
3 121
3 125
3 131
3 302
4 6
4 22
4 100
4 221
4 304
5 23
5 101
5 304
6 4
6 26
6 77
6 98
6 99
6 100
6 101
6 120
6 304
7 5
7 25
7 43
7 76
7 98
7 99
7 100
7 101
7 120
7 121
7 304
8 6
8 22
8 36
8 120
8 304
9 7
9 15
9 23
9 121
9 304
10 4
10 18
10 22
10 25
10 26
10 28
10 68
10 90
11 5
11 23
11 24
11 25
11 26
11 29
11 40
11 93
11 117
12 6
12 18
12 20
12 26
12 27
12 42
12 76
12 92
12 98
12 99
12 117
12 142
13 7
13 17
13 19
13 21
13 25
13 27
13 31
13 33
13 98
13 117
13 143
14 1
14 8
14 20
14 22
14 25
14 26
14 27
14 30
14 88
14 117
15 9
15 21
15 23
15 25
15 26
15 27
15 31
15 43
15 89
15 117
16 2
16 8
16 25
16 34
16 39
16 77
16 90
16 98
16 100
16 107
16 120
16 121
16 127
16 138
16 139
17 3
17 5
17 9
17 13
17 26
17 40
17 76
17 77
17 91
17 98
17 99
17 101
17 106
17 107
17 121
17 138
17 139
18 93
18 121
18 132
19 92
19 93
19 120
19 125
19 133
20 8
20 14
20 22
20 92
20 101
20 104
20 117
21 9
21 15
21 23
21 26
21 93
21 100
21 105
21 117
22 18
23 19
24 90
24 91
24 304
25 304
26 304
27 139
27 304
28 4
28 22
28 25
28 121
28 304
29 23
29 24
29 26
29 35
29 101
29 304
30 22
30 25
30 26
30 27
30 304
31 7
31 23
31 26
31 27
31 100
31 304
32 6
32 39
32 42
32 72
32 93
32 121
32 130
32 135
33 7
33 13
33 40
33 43
33 73
33 93
33 98
33 99
33 128
33 131
33 134
33 160
34 77
34 90
34 100
34 121
34 138
34 139
35 76
35 77
35 91
35 101
35 120
35 138
35 139
36 8
36 73
36 77
36 88
36 90
36 101
36 107
36 117
36 119
36 120
36 132
37 9
37 70
37 76
37 89
37 91
37 100
37 106
37 120
37 121
37 132
37 133
38 76
38 77
38 99
38 302
39 4
39 6
39 16
39 18
39 22
39 28
39 32
39 34
39 77
39 90
39 92
39 93
39 100
39 119
39 125
39 129
39 134
39 159
40 5
40 7
40 17
40 19
40 29
40 33
40 35
40 76
40 91
40 92
40 93
40 101
40 120
40 124
40 128
40 135
40 160
40 173
41 24
41 188
41 304
42 68
42 72
42 76
42 81
42 88
42 92
42 157
43 21
43 23
43 69
43 72
43 73
43 77
43 89
43 93
43 99
43 131
43 158
44 20
44 54
44 68
44 88
44 118
44 136
44 140
45 43
45 55
45 61
45 69
45 85
45 89
45 113
45 118
45 134
45 137
45 141
45 158
45 192
46 20
46 22
46 38
46 50
46 51
46 57
46 60
46 70
46 71
46 72
46 74
46 75
46 80
46 81
46 84
46 108
46 138
47 17
47 51
47 57
47 61
47 71
47 72
47 73
47 74
47 75
47 79
47 81
47 87
47 92
47 93
47 109
47 215
48 53
48 112
49 57
49 113
50 57
50 70
50 72
50 91
50 95
50 112
50 126
50 127
50 139
50 153
51 71
51 73
51 76
51 88
51 90
51 94
51 95
51 126
51 138
51 165
52 0
52 49
52 56
52 59
52 69
52 90
52 91
52 302
53 1
53 41
53 48
53 50
53 57
53 90
53 108
53 302
54 44
54 50
54 51
54 56
54 62
54 77
54 88
54 94
54 108
54 117
54 134
54 136
54 197
55 50
55 51
55 76
55 77
55 89
55 95
55 109
55 135
55 137
55 197
56 45
56 50
56 51
56 86
56 87
56 89
56 108
56 112
56 113
57 48
57 49
57 50
57 51
57 83
57 86
57 87
57 108
57 109
57 112
57 113
58 50
58 53
58 66
58 108
59 51
59 109
60 22
60 44
60 50
60 66
60 70
60 72
60 74
60 75
60 88
60 94
60 108
60 118
61 45
61 51
61 71
61 73
61 74
61 75
61 77
61 89
61 109
61 141
61 160
61 177
61 192
62 50
62 54
62 56
62 57
62 66
62 86
62 87
62 112
63 56
63 61
63 86
63 87
63 109
64 66
64 219
65 67
65 177
65 220
66 50
66 64
66 108
66 110
67 51
67 83
67 109
67 111
68 70
68 75
68 76
68 88
68 90
69 43
69 71
69 77
69 89
69 91
69 113
70 46
70 71
70 72
70 74
70 76
70 145
70 149
70 161
70 163
70 178
70 185
70 186
70 187
70 194
70 196
70 202
70 216
70 224
70 225
70 226
70 227
70 228
70 229
70 233
70 234
70 235
70 236
70 237
70 238
70 239
70 241
70 248
70 249
70 250
70 251
70 252
70 253
70 254
71 70
71 73
71 75
71 77
71 143
71 145
71 149
71 157
71 161
71 162
71 179
71 185
71 186
71 187
71 194
71 196
71 203
71 215
71 224
71 225
71 226
71 227
71 228
71 229
71 233
71 234
71 235
71 236
71 237
71 238
71 239
71 241
71 248
71 249
71 250
71 251
71 252
71 253
71 254
72 71
72 73
72 75
72 77
72 116
72 145
72 177
72 224
72 226
72 227
72 228
72 229
72 236
72 248
72 252
72 255
72 275
72 305
73 70
73 72
73 74
73 76
73 116
73 145
73 176
73 224
73 226
73 227
73 228
73 229
73 236
73 248
73 252
73 255
73 275
73 305
74 70
74 72
74 75
74 145
74 149
74 161
74 162
74 185
74 186
74 187
74 199
74 202
74 214
74 215
74 224
74 227
74 228
74 233
74 234
74 235
74 236
74 240
74 249
74 250
74 251
74 253
74 254
75 71
75 73
75 74
75 145
75 149
75 161
75 163
75 185
75 186
75 187
75 199
75 203
75 214
75 216
75 224
75 227
75 228
75 233
75 234
75 235
75 236
75 240
75 249
75 250
75 251
75 253
75 254
76 70
76 74
76 145
76 149
76 161
76 162
76 164
76 168
76 198
76 215
76 225
76 226
76 233
76 234
76 235
76 239
76 250
76 251
76 252
76 254
76 275
77 71
77 75
77 145
77 149
77 161
77 163
77 164
77 168
77 198
77 216
77 225
77 226
77 233
77 234
77 235
77 239
77 250
77 251
77 252
77 254
77 275
78 45
78 73
78 74
78 79
78 80
78 81
78 85
78 95
78 118
78 135
78 137
78 147
78 167
78 192
78 220
79 47
79 72
79 75
79 78
79 80
79 81
79 118
79 134
79 136
79 144
79 146
79 157
79 167
79 191
79 219
80 70
80 72
80 73
80 74
80 77
80 79
80 119
80 147
80 156
80 163
80 177
80 215
80 216
80 218
80 220
81 71
81 72
81 73
81 75
81 76
81 78
81 80
81 146
81 162
81 171
81 176
81 215
81 216
81 217
81 219
82 48
82 54
82 56
82 58
82 84
82 112
82 140
83 45
83 49
83 55
83 56
83 57
83 85
83 113
83 118
83 156
84 44
84 51
84 54
84 72
84 88
84 135
85 45
85 55
85 59
85 73
85 89
85 118
85 137
86 50
86 51
86 70
86 88
86 108
86 109
86 112
87 47
87 50
87 51
87 86
87 109
87 112
87 113
88 89
88 96
88 97
88 98
88 99
88 100
88 101
88 106
88 107
88 120
88 121
88 128
88 138
88 139
89 3
89 7
89 96
89 98
89 99
89 100
89 101
89 106
89 107
89 120
89 121
89 127
89 128
89 129
89 130
89 138
89 139
90 51
90 68
90 70
90 73
90 75
90 76
90 77
90 88
90 107
91 50
91 71
91 76
91 89
91 117
91 138
92 70
92 71
92 94
92 95
92 97
92 107
92 123
92 134
92 138
92 139
93 70
93 71
93 106
93 107
93 135
93 138
93 139
93 141
94 70
94 72
94 73
94 90
94 98
94 99
94 102
94 103
94 106
94 119
94 123
94 127
94 139
94 304
95 50
95 70
95 72
95 73
95 80
95 91
95 98
95 99
95 102
95 103
95 114
95 119
95 123
95 138
95 139
95 141
95 304
96 88
96 89
96 98
96 100
96 127
96 131
96 137
96 139
96 304
97 27
97 88
97 89
97 99
97 101
97 107
97 120
97 126
97 130
97 138
97 304
98 17
98 88
98 89
98 99
98 121
98 122
98 304
99 88
99 89
99 98
99 114
99 120
99 304
100 89
100 120
100 121
100 304
101 120
101 133
101 304
102 17
102 70
102 94
102 95
102 123
102 139
103 71
103 94
103 95
103 138
104 305
105 305
106 88
106 89
106 96
106 121
106 139
106 221
106 304
107 88
107 89
107 97
107 120
107 138
107 304
108 50
108 54
108 57
108 58
108 66
108 87
108 110
108 140
108 155
108 176
109 47
109 51
109 55
109 57
109 83
109 87
109 141
109 156
110 58
110 66
110 73
110 74
110 75
110 77
110 78
110 79
110 80
110 108
110 136
110 146
110 147
110 155
110 169
110 219
110 302
111 59
111 65
111 67
111 75
111 81
111 109
111 146
111 147
111 156
111 160
111 176
111 177
111 302
112 54
112 82
112 86
112 87
112 88
112 90
112 177
113 45
113 55
113 83
113 89
113 91
113 176
114 72
114 76
114 77
114 94
114 95
114 127
114 131
114 171
114 179
114 182
114 197
114 220
114 305
115 94
115 95
115 107
115 126
115 135
115 138
115 139
115 178
115 182
115 191
115 197
115 219
115 305
116 77
116 145
116 147
116 152
116 161
116 163
116 188
116 192
116 195
116 223
116 233
116 304
117 1
117 2
117 3
117 13
117 18
117 19
117 20
117 21
117 22
117 23
117 26
117 27
117 37
117 39
117 40
117 45
117 54
117 55
117 69
117 88
117 89
117 90
117 91
117 302
118 1
118 42
118 43
118 54
118 55
118 68
118 88
118 89
118 144
118 176
118 197
119 2
119 3
119 17
119 37
119 39
119 40
119 76
119 77
119 90
119 91
119 94
119 95
119 98
119 99
119 106
119 107
119 114
119 115
119 116
119 120
119 138
119 139
120 101
120 304
121 100
121 304
122 50
122 98
122 99
122 114
122 115
122 160
122 304
123 51
123 99
123 114
123 115
123 304
124 99
124 304
125 26
125 159
125 304
126 50
126 70
126 94
126 95
126 159
127 16
127 51
127 71
127 94
127 95
127 122
127 159
128 305
129 305
130 305
131 305
132 305
133 305
134 24
134 71
134 103
134 304
135 24
135 70
135 102
135 304
136 27
136 126
136 213
136 304
137 27
137 127
137 212
137 304
138 88
138 89
138 107
138 304
139 88
139 89
139 304
140 22
140 50
140 51
140 71
140 72
140 73
140 76
140 81
140 94
140 106
140 154
141 23
141 72
141 73
141 76
141 80
141 95
141 97
141 107
142 6
142 12
142 16
142 32
142 39
142 70
142 71
142 76
142 88
142 96
142 97
142 98
142 105
142 117
142 124
142 129
142 135
142 140
142 153
142 155
142 157
142 158
142 159
142 172
143 17
143 40
143 70
143 71
143 75
143 77
143 81
143 99
143 103
143 115
143 117
143 141
143 142
143 153
143 154
143 157
143 158
143 160
144 0
144 1
144 42
144 70
144 71
144 72
144 73
144 74
144 75
144 80
144 88
144 89
144 191
144 197
144 215
144 216
145 149
145 167
145 304
146 72
146 79
146 81
146 116
146 147
146 148
146 165
146 176
146 178
146 219
146 274
146 304
147 72
147 73
147 79
147 80
147 116
147 146
147 148
147 177
147 179
147 219
147 274
147 304
148 70
148 71
148 72
148 74
148 75
148 77
148 81
148 146
148 186
148 191
148 192
148 198
148 204
148 205
148 215
148 216
148 217
148 218
148 219
148 220
148 249
148 305
149 167
149 168
149 304
150 145
150 152
150 167
150 168
150 225
150 275
150 276
150 304
151 152
151 168
151 226
151 244
151 275
151 276
151 277
151 304
152 149
152 167
152 168
152 304
153 50
153 51
153 70
153 71
153 72
153 73
153 74
153 75
153 142
153 143
153 154
153 197
154 51
154 70
154 71
154 72
154 73
154 74
154 75
154 76
154 77
154 143
154 153
154 165
154 197
154 215
154 305
155 72
155 73
155 79
155 81
155 94
155 95
155 169
155 191
156 23
156 61
156 72
156 73
156 78
156 80
156 81
156 95
156 146
156 177
156 192
156 215
156 216
157 1
157 54
157 55
157 76
157 77
157 90
157 114
157 118
157 122
157 125
157 199
157 200
158 1
158 55
158 77
158 91
158 114
158 115
158 118
158 124
158 201
159 39
159 42
159 51
159 66
159 70
159 73
159 76
159 98
159 99
159 100
159 125
159 130
159 132
159 136
159 140
159 169
159 200
159 304
160 43
160 61
160 71
160 73
160 74
160 77
160 80
160 98
160 99
160 100
160 101
160 118
160 141
160 201
160 304
161 250
162 305
163 305
164 152
164 165
164 167
164 250
164 304
165 51
165 94
165 122
165 126
165 127
165 152
165 161
165 164
165 167
165 168
165 250
165 251
165 304
166 152
166 168
166 244
166 250
166 268
166 275
166 304
167 152
167 164
167 304
168 166
168 226
168 304
169 2
169 39
169 75
169 76
169 121
169 159
169 172
169 183
169 215
169 216
170 3
170 40
170 120
170 128
170 173
170 216
171 41
171 72
171 73
171 81
171 132
171 143
171 149
171 172
171 173
171 215
171 216
171 221
172 28
172 71
172 78
172 81
172 126
172 142
172 176
172 215
172 217
172 218
172 302
173 29
173 70
173 78
173 80
173 127
173 142
173 143
173 170
173 177
173 184
173 215
173 216
173 217
173 218
174 305
175 305
176 54
176 55
176 60
176 61
176 65
176 66
176 74
176 80
176 84
176 85
176 94
176 108
176 146
176 155
176 161
176 162
176 177
176 228
176 236
176 254
176 268
176 271
176 304
177 50
177 51
177 54
177 55
177 60
177 74
177 80
177 84
177 95
177 146
177 156
177 160
177 161
177 162
177 173
177 176
177 218
177 220
177 228
177 236
177 237
177 241
177 253
177 254
177 268
177 269
177 271
177 304
178 114
178 179
178 182
178 197
178 215
178 221
178 257
178 305
179 115
179 178
179 182
179 197
179 216
179 221
179 257
179 305
180 70
180 181
180 197
180 216
180 305
181 71
181 180
181 197
181 215
181 305
182 114
182 171
182 178
182 197
182 215
182 221
182 305
183 51
183 70
183 71
183 76
183 93
183 119
183 122
183 153
183 169
184 46
184 50
184 70
184 72
184 73
184 124
184 125
184 197
185 186
185 187
185 234
185 273
185 274
185 304
186 187
186 188
186 195
186 274
186 304
187 188
187 195
187 274
187 304
188 186
188 195
188 274
188 304
189 187
189 188
189 218
189 304
190 188
190 304
191 70
191 71
191 72
191 73
191 75
191 77
191 79
191 116
191 140
191 144
191 157
191 199
191 216
191 220
191 244
191 305
192 45
192 70
192 71
192 72
192 73
192 76
192 78
192 89
192 95
192 116
192 144
192 158
192 199
192 215
192 216
192 219
192 244
192 305
193 305
194 185
194 186
194 187
194 188
194 195
194 196
194 202
194 215
194 216
194 243
194 249
194 304
195 194
195 304
196 194
196 304
197 54
197 68
197 69
197 70
197 72
197 76
197 77
197 88
197 89
197 95
197 102
197 103
197 118
197 127
197 134
197 135
197 136
197 137
197 144
197 151
197 165
197 179
197 194
197 215
197 221
197 239
197 240
197 241
197 243
197 259
198 27
198 50
198 51
198 114
198 115
198 116
198 117
198 122
198 123
198 135
198 157
198 158
198 186
198 188
198 189
198 192
198 199
198 304
198 305
199 50
199 51
199 70
199 71
199 72
199 90
199 114
199 115
199 122
199 123
199 157
199 158
199 198
200 102
200 106
200 135
201 103
201 106
201 125
201 134
201 139
202 70
202 71
202 74
202 75
202 80
202 206
202 217
202 222
203 70
203 71
203 74
203 75
203 81
203 214
203 216
203 221
203 222
204 75
204 78
204 79
204 146
204 148
204 186
204 197
204 205
204 206
204 207
204 219
205 79
205 148
205 197
205 204
205 206
205 207
205 219
206 70
206 71
206 74
206 194
206 207
206 215
207 70
207 71
207 74
207 75
207 194
207 206
207 215
207 216
208 70
208 194
208 197
208 202
208 215
209 79
209 187
209 194
209 197
209 203
209 208
209 216
210 176
211 70
211 74
211 177
211 179
211 197
211 216
212 126
212 136
213 127
213 137
214 70
214 71
214 75
214 148
214 202
214 218
215 41
215 70
215 71
215 72
215 73
215 74
215 75
215 76
215 77
215 80
215 116
215 119
215 132
215 145
215 151
215 178
215 197
215 203
215 216
215 221
215 222
215 225
215 233
215 239
215 240
215 241
215 243
215 259
215 260
215 261
215 262
215 263
215 264
215 265
216 41
216 70
216 71
216 72
216 73
216 74
216 75
216 76
216 77
216 116
216 133
216 144
216 145
216 151
216 153
216 179
216 197
216 202
216 215
216 221
216 223
216 225
216 233
216 239
216 240
216 241
216 243
216 259
216 260
216 261
216 262
216 263
216 264
216 265
217 71
217 73
217 75
217 77
217 80
217 81
217 116
217 147
217 148
217 152
217 156
217 173
217 193
217 195
217 214
217 216
217 218
217 222
217 244
217 268
217 269
217 275
217 276
217 304
217 305
218 71
218 73
218 75
218 77
218 80
218 81
218 116
218 147
218 148
218 152
218 156
218 172
218 173
218 193
218 195
218 214
218 216
218 217
218 223
218 244
218 268
218 269
218 275
218 276
218 304
218 305
219 64
219 66
219 108
219 116
219 152
219 159
219 167
219 176
219 198
219 199
219 302
220 67
220 109
220 116
220 147
220 152
220 156
220 167
220 177
220 198
220 199
220 302
221 4
221 5
221 8
221 9
221 22
221 23
221 72
221 73
221 80
221 81
221 115
221 151
221 161
221 179
221 187
221 197
221 216
221 239
222 70
222 74
222 81
222 193
222 194
222 215
222 223
223 71
223 75
223 80
223 193
223 194
223 216
223 222
224 238
224 273
224 281
224 304
225 168
225 233
225 304
226 168
226 234
226 275
226 304
227 275
227 276
227 304
228 235
228 276
228 277
228 304
229 236
229 277
229 278
229 304
230 278
230 279
230 304
231 237
231 279
231 280
231 304
232 280
232 281
232 304
233 152
233 167
233 168
233 275
233 304
234 235
234 244
234 275
234 276
234 304
235 236
235 245
235 276
235 277
235 278
235 304
236 237
236 246
236 278
236 279
236 304
237 238
237 246
237 280
237 281
237 304
238 186
238 188
238 273
238 274
238 304
239 227
239 244
239 245
239 275
239 276
239 277
239 278
239 304
240 228
240 229
240 245
240 246
240 276
240 277
240 278
240 279
240 304
241 230
241 231
241 246
241 247
241 277
241 278
241 279
241 280
241 304
242 188
242 232
242 247
242 278
242 279
242 280
242 281
242 304
243 185
243 188
243 224
243 273
243 274
243 280
243 281
243 304
244 234
244 275
244 276
244 304
245 235
245 277
245 278
245 304
246 237
246 279
246 280
246 304
247 238
247 273
247 281
247 304
248 247
248 249
248 304
249 188
249 194
249 273
249 274
249 304
250 152
250 167
250 168
250 251
250 304
251 152
251 168
251 244
251 252
251 275
251 304
252 244
252 253
252 276
252 304
253 245
253 254
253 276
253 277
253 304
254 245
254 255
254 304
255 246
255 256
255 278
255 279
255 304
256 246
256 257
256 304
257 247
257 248
257 280
257 281
257 304
258 188
258 247
258 304
259 188
259 194
259 304
260 244
260 304
261 244
261 245
261 304
262 245
262 304
263 245
263 246
263 304
264 246
264 304
265 246
265 247
265 304
266 247
266 304
267 152
267 167
267 177
267 268
267 304
268 167
268 177
268 244
268 276
268 304
269 116
269 152
269 167
269 168
269 177
269 193
269 220
269 244
269 245
269 246
269 267
269 268
269 270
269 275
269 276
269 277
269 278
269 279
269 304
270 146
270 147
270 198
270 199
270 246
270 271
270 304
271 146
271 147
271 198
271 199
271 269
271 270
271 304
272 116
272 177
272 195
272 196
272 219
272 244
272 245
272 246
272 247
272 271
272 273
272 274
272 279
272 280
272 281
272 304
273 304
274 304
275 166
275 226
275 304
276 304
277 304
278 304
279 304
280 304
281 304
290 304
291 304
292 304
293 304
294 304
295 304
296 304
297 304
298 304
299 304
300 305
301 305
