1  0 
4  0 
4  2 
5  3 
6  3 
6  4 
6  5 
7  2 
8  0 
8  1 
8  4 
8  6 
9  2 
9  7 
10  9 
11  9 
11  10 
12  8 
12  9 
12  10 
12  11 
13  2 
13  4 
13  8 
13  9 
13  10 
13  11 
13  12 
14  9 
14  10 
14  11 
14  12 
14  13 
15  4 
15  8 
15  9 
15  10 
15  11 
15  12 
15  13 
15  14 
16  2 
16  4 
16  9 
16  10 
16  11 
16  12 
16  13 
16  14 
16  15 
17  2 
17  4 
17  7 
17  8 
17  9 
17  10 
17  12 
17  13 
17  14 
17  15 
17  16 
18  16 
18  17 
19  14 
19  18 
20  17 
20  18 
20  19 
21  9 
21  10 
21  12 
21  14 
21  15 
21  16 
21  17 
21  18 
22  4 
22  12 
22  13 
22  16 
22  18 
22  19 
22  20 
24  23 
25  10 
25  13 
25  14 
25  15 
25  17 
27  26 
28  26 
28  27 
29  24 
29  26 
29  27 
29  28 
31  15 
31  24 
31  25 
31  29 
31  30 
32  16 
33  32 
34  16 
34  17 
34  32 
34  33 
35  14 
35  16 
35  32 
35  33 
35  34 
36  6 
36  32 
37  1 
37  13 
37  36 
38  1 
38  36 
38  37 
39  22 
39  36 
39  37 
39  38 
40  36 
40  37 
41  2 
41  22 
41  28 
41  36 
41  37 
41  39 
41  40 
42  37 
42  39 
42  40 
42  41 
43  27 
43  28 
43  31 
43  36 
43  37 
43  40 
43  41 
43  42 
44  23 
44  28 
44  37 
45  26 
45  27 
45  28 
45  31 
45  34 
45  36 
45  40 
45  41 
45  42 
45  43 
46  44 
47  6 
47  9 
47  15 
47  36 
47  37 
48  14 
48  36 
48  47 
49  0 
49  1 
49  30 
49  31 
49  36 
49  44 
49  46 
49  47 
50  28 
50  38 
50  43 
51  0 
51  6 
51  31 
51  34 
51  35 
51  36 
51  38 
51  39 
51  41 
51  42 
51  43 
51  44 
51  47 
51  48 
51  49 
51  50 
53  40 
53  41 
53  43 
53  46 
53  52 
54  43 
54  44 
54  52 
54  53 
55  41 
56  43 
56  51 
56  55 
57  37 
57  41 
57  49 
57  55 
57  56 
59  58 
60  36 
60  41 
60  58 
60  59 
61  41 
61  58 
61  59 
61  60 
62  32 
62  54 
62  58 
62  59 
62  60 
62  61 
63  32 
63  45 
64  37 
64  51 
64  53 
64  54 
64  63 
65  36 
65  37 
65  51 
65  61 
65  64 
66  34 
66  51 
67  66 
68  41 
68  51 
68  66 
68  67 
69  1 
69  37 
69  44 
69  56 
69  58 
69  62 
70  23 
70  36 
70  41 
70  43 
70  45 
70  51 
70  69 
71  23 
71  41 
71  44 
71  45 
71  69 
71  70 
72  1 
72  39 
72  41 
72  51 
72  66 
72  69 
72  70 
72  71 
73  22 
73  39 
73  41 
73  42 
73  49 
73  51 
73  53 
73  54 
73  55 
73  66 
73  68 
73  69 
73  70 
73  72 
74  22 
74  59 
74  68 
74  73 
75  22 
75  44 
75  45 
75  49 
75  54 
75  55 
75  62 
75  73 
75  74 
76  22 
76  41 
76  43 
76  45 
76  68 
76  73 
76  74 
76  75 
77  39 
77  44 
77  45 
77  48 
77  55 
77  57 
77  61 
77  69 
77  72 
77  73 
77  74 
77  75 
77  76 
79  47 
79  63 
79  67 
79  78 
80  47 
80  55 
80  63 
80  73 
80  74 
80  75 
80  76 
80  77 
80  79 
81  80 
82  80 
82  81 
83  80 
84  38 
84  70 
85  38 
85  70 
85  74 
85  84 
86  73 
87  86 
88  40 
88  41 
88  69 
88  70 
88  80 
88  86 
88  87 
90  45 
90  69 
90  70 
90  71 
90  73 
90  77 
90  80 
90  81 
90  84 
90  86 
90  87 
90  88 
91  86 
91  88 
92  91 
93  39 
93  75 
93  84 
93  88 
93  90 
93  91 
94  91 
94  92 
94  93 
95  40 
95  41 
95  91 
95  92 
95  93 
95  94 
96  75 
96  90 
96  91 
96  92 
96  93 
96  94 
96  95 
97  92 
97  94 
97  95 
97  96 
98  43 
98  45 
99  91 
99  92 
99  93 
99  94 
99  95 
99  96 
99  97 
100  7 
100  91 
100  92 
100  94 
100  95 
100  99 
101  70 
101  91 
101  92 
101  93 
101  94 
101  95 
101  96 
101  99 
101  100 
102  64 
102  90 
102  91 
102  92 
102  93 
102  94 
102  95 
102  96 
102  97 
102  101 
103  1 
103  91 
103  93 
103  95 
103  96 
103  97 
103  100 
103  101 
104  91 
105  69 
105  92 
105  93 
105  94 
105  95 
105  97 
105  100 
105  101 
105  102 
106  100 
106  103 
107  39 
107  92 
107  93 
107  94 
107  95 
107  96 
107  97 
107  99 
107  100 
107  101 
107  102 
107  103 
107  105 
107  106 
108  91 
108  93 
108  95 
108  96 
108  100 
108  101 
108  102 
108  107 
109  86 
109  87 
109  90 
109  91 
109  92 
109  93 
109  94 
109  95 
109  96 
109  97 
109  99 
109  100 
109  101 
109  102 
109  103 
109  105 
109  106 
109  107 
109  108 
110  73 
110  91 
110  93 
110  95 
110  96 
110  97 
110  99 
110  100 
110  102 
110  103 
110  105 
110  108 
110  109 
111  36 
111  39 
111  41 
111  51 
111  66 
111  84 
111  85 
111  91 
111  93 
111  94 
111  95 
111  96 
111  99 
111  100 
111  101 
111  102 
111  103 
111  105 
111  106 
111  107 
111  108 
111  109 
111  110 
112  40 
112  41 
112  70 
112  73 
112  88 
112  91 
112  92 
112  93 
112  94 
112  95 
112  96 
112  99 
112  101 
112  102 
112  105 
112  107 
112  108 
112  109 
112  110 
112  111 
113  49 
113  51 
113  97 
115  90 
115  105 
115  111 
115  113 
116  51 
116  55 
116  64 
116  84 
116  93 
116  96 
116  106 
117  56 
117  71 
117  93 
117  113 
117  116 
118  55 
118  57 
118  64 
118  108 
118  109 
118  112 
118  116 
118  117 
119  93 
119  116 
119  117 
119  118 
120  115 
120  116 
121  49 
121  51 
121  90 
122  51 
122  117 
122  120 
122  121 
123  107 
123  111 
123  114 
123  116 
123  118 
123  120 
123  122 
124  71 
124  72 
124  91 
124  93 
124  94 
124  103 
124  107 
124  109 
124  111 
124  112 
124  116 
124  118 
124  120 
124  121 
124  122 
124  123 
125  57 
125  103 
125  116 
125  118 
125  120 
125  121 
125  122 
125  123 
125  124 
126  116 
126  120 
126  122 
126  123 
126  124 
126  125 
127  49 
127  99 
127  120 
127  121 
127  122 
127  123 
127  124 
127  125 
127  126 
128  49 
128  92 
128  109 
128  120 
128  122 
128  123 
128  124 
128  125 
128  127 
129  71 
129  109 
129  113 
129  120 
129  122 
129  123 
129  124 
129  126 
129  127 
129  128 
130  95 
130  102 
130  121 
130  122 
130  124 
130  125 
130  127 
130  128 
131  49 
131  51 
131  90 
131  107 
131  110 
131  111 
131  118 
131  120 
131  122 
131  123 
131  124 
131  125 
131  127 
131  129 
132  111 
132  118 
132  120 
132  123 
132  124 
132  126 
132  127 
132  128 
132  129 
132  131 
133  51 
133  55 
133  91 
133  116 
133  118 
133  120 
133  122 
133  123 
133  124 
133  125 
133  126 
133  127 
133  128 
133  129 
133  131 
134  57 
134  116 
134  117 
134  118 
134  121 
134  122 
134  124 
134  125 
134  126 
134  128 
134  130 
134  131 
134  132 
135  90 
135  91 
135  95 
135  113 
135  120 
135  121 
135  122 
135  123 
135  124 
135  125 
135  126 
135  127 
135  128 
135  129 
135  131 
135  132 
135  133 
135  134 
136  88 
136  115 
136  120 
136  121 
136  122 
136  123 
136  124 
136  125 
136  126 
136  128 
136  130 
136  132 
136  133 
136  134 
136  135 
137  115 
138  114 
138  137 
139  94 
139  136 
139  137 
139  138 
140  139 
141  51 
141  85 
141  114 
141  123 
141  140 
142  84 
142  85 
142  102 
142  116 
142  123 
142  128 
142  134 
142  136 
142  139 
142  140 
142  141 
143  49 
143  51 
143  84 
143  88 
143  114 
143  136 
143  137 
143  140 
143  141 
143  142 
144  49 
144  51 
144  127 
144  132 
144  143 
145  85 
146  134 
147  93 
147  112 
147  121 
147  143 
148  66 
148  96 
148  117 
148  119 
148  120 
148  127 
148  128 
148  129 
148  133 
148  135 
148  137 
148  139 
148  142 
148  143 
148  144 
148  147 
149  123 
150  49 
150  51 
150  55 
150  57 
150  84 
150  88 
150  120 
150  124 
150  125 
150  133 
150  135 
150  136 
150  137 
150  138 
150  141 
150  142 
150  144 
150  147 
150  148 
151  49 
151  51 
151  145 
151  148 
152  145 
152  151 
153  121 
153  145 
153  151 
153  152 
154  85 
154  128 
154  145 
154  152 
154  153 
155  145 
155  152 
155  153 
155  154 
156  85 
156  145 
156  152 
156  153 
156  154 
156  155 
157  66 
157  145 
157  151 
157  152 
157  153 
157  154 
157  155 
157  156 
158  114 
158  125 
158  145 
158  151 
158  152 
158  153 
158  154 
158  156 
158  157 
159  151 
159  152 
159  153 
159  154 
159  155 
159  157 
159  158 
160  151 
160  152 
160  153 
160  154 
160  156 
160  157 
160  158 
160  159 
161  85 
161  145 
161  151 
161  152 
161  153 
161  154 
161  155 
161  157 
161  159 
162  51 
162  114 
162  121 
162  145 
162  151 
162  153 
162  154 
162  155 
162  156 
162  157 
162  158 
162  161 
163  85 
163  145 
163  151 
163  152 
163  153 
163  154 
163  155 
163  156 
163  157 
163  158 
163  159 
163  161 
163  162 
164  124 
164  145 
164  151 
164  152 
164  153 
164  154 
164  155 
164  156 
164  157 
164  158 
164  161 
164  162 
164  163 
165  51 
165  145 
165  151 
165  152 
165  153 
165  154 
165  155 
165  156 
165  157 
165  158 
165  159 
165  160 
165  161 
165  162 
165  163 
165  164 
166  66 
166  85 
166  124 
166  145 
166  147 
166  149 
166  151 
166  152 
166  153 
166  154 
166  155 
166  156 
166  157 
166  158 
166  159 
166  160 
166  161 
166  162 
166  163 
166  164 
166  165 
168  85 
168  116 
168  127 
168  158 
169  49 
169  51 
169  66 
169  116 
169  118 
169  121 
169  123 
169  124 
169  131 
169  134 
169  144 
169  150 
169  168 
170  49 
170  51 
170  149 
171  49 
171  118 
171  121 
171  153 
171  159 
171  165 
171  166 
171  170 
172  68 
172  153 
172  159 
172  170 
172  171 
173  49 
173  57 
173  116 
173  118 
173  158 
173  167 
173  168 
173  171 
174  49 
174  57 
174  116 
174  117 
174  118 
174  121 
174  132 
174  151 
174  153 
174  158 
174  171 
174  172 
174  173 
175  49 
175  153 
175  164 
175  165 
175  170 
175  171 
175  172 
175  174 
176  162 
176  170 
176  171 
176  174 
177  51 
177  117 
177  151 
177  153 
177  160 
177  162 
177  164 
177  165 
177  166 
177  170 
177  171 
177  172 
177  175 
177  176 
178  171 
178  175 
179  121 
179  153 
179  162 
179  170 
179  171 
179  172 
179  175 
179  177 
180  49 
180  51 
180  151 
180  153 
180  159 
180  166 
180  170 
180  171 
180  172 
180  173 
180  174 
180  175 
180  176 
180  177 
180  178 
180  179 
181  49 
181  51 
181  121 
181  153 
181  162 
181  166 
181  170 
181  172 
181  175 
181  176 
181  177 
181  178 
181  180 
182  49 
182  116 
182  117 
182  145 
182  151 
182  153 
182  160 
182  164 
182  165 
182  170 
182  171 
182  172 
182  173 
182  174 
182  175 
182  176 
182  177 
182  179 
182  180 
182  181 
183  170 
183  171 
183  172 
183  175 
183  176 
183  177 
183  181 
184  49 
184  114 
184  151 
184  153 
184  159 
184  162 
184  166 
184  170 
184  171 
184  172 
184  174 
184  175 
184  176 
184  177 
184  178 
184  179 
184  180 
184  181 
184  182 
185  49 
185  118 
185  153 
185  165 
185  166 
185  170 
185  171 
185  172 
185  173 
185  174 
185  175 
185  176 
185  177 
185  180 
185  181 
185  182 
185  184 
186  51 
186  116 
186  118 
186  121 
186  142 
186  168 
186  169 
187  186 
188  68 
188  145 
188  151 
188  152 
188  153 
188  154 
188  161 
188  162 
188  163 
188  164 
188  166 
188  170 
188  171 
188  172 
188  174 
188  175 
188  176 
188  177 
188  178 
188  179 
188  180 
188  181 
188  182 
188  183 
188  184 
188  185 
188  186 
189  49 
189  51 
189  114 
189  116 
189  117 
189  118 
189  121 
189  134 
189  153 
189  166 
190  134 
190  189 
191  51 
191  57 
191  114 
191  116 
191  117 
191  134 
191  142 
191  168 
191  169 
191  186 
191  189 
192  51 
192  149 
193  149 
193  192 
194  149 
194  165 
194  170 
194  192 
194  193 
195  147 
195  149 
195  166 
195  192 
195  193 
195  194 
196  149 
196  159 
196  188 
196  194 
197  196 
198  114 
198  151 
198  188 
198  193 
198  196 
198  197 
199  149 
199  188 
199  194 
199  196 
199  197 
199  198 
200  197 
201  51 
201  196 
201  197 
201  198 
201  199 
202  188 
202  193 
202  196 
202  197 
202  198 
202  199 
202  201 
203  196 
203  197 
203  198 
203  199 
203  201 
203  202 
204  149 
204  179 
204  183 
204  185 
204  196 
204  197 
204  198 
204  199 
204  201 
204  202 
204  203 
205  149 
205  188 
205  194 
205  195 
205  196 
205  197 
205  198 
205  199 
205  201 
205  202 
205  203 
205  204 
206  160 
206  193 
206  196 
206  197 
206  198 
206  199 
206  201 
206  202 
206  203 
206  205 
207  196 
207  197 
207  198 
207  199 
207  200 
207  201 
207  202 
207  203 
207  204 
207  205 
207  206 
208  194 
208  196 
208  198 
208  199 
208  202 
208  203 
208  204 
208  205 
208  206 
208  207 
209  68 
209  132 
209  188 
210  134 
210  147 
210  189 
210  199 
211  166 
211  174 
211  195 
211  209 
212  68 
212  177 
212  205 
212  209 
212  211 
213  68 
213  197 
213  204 
213  209 
213  211 
213  212 
214  201 
214  203 
214  205 
214  209 
214  211 
214  212 
214  213 
215  121 
215  133 
215  166 
215  174 
215  189 
215  194 
215  198 
215  204 
215  209 
215  213 
216  192 
216  195 
216  215 
217  133 
217  147 
217  149 
217  166 
217  173 
217  189 
217  192 
217  197 
217  203 
217  204 
217  205 
217  209 
217  212 
217  215 
217  216 
218  195 
218  205 
218  209 
218  211 
218  212 
218  213 
218  214 
219  151 
219  153 
219  164 
219  170 
219  177 
219  185 
219  193 
219  196 
219  197 
219  198 
219  199 
219  201 
219  202 
219  203 
219  204 
219  205 
219  206 
219  207 
219  208 
219  210 
219  213 
219  217 
219  218 
220  217 
221  216 
221  220 
222  147 
222  166 
222  174 
222  196 
222  197 
222  209 
222  213 
222  215 
222  216 
222  217 
222  219 
222  221 
223  164 
223  174 
223  184 
223  215 
224  51 
224  174 
224  221 
224  223 
225  134 
226  147 
227  134 
227  174 
227  191 
227  196 
227  206 
227  223 
227  224 
227  226 
228  196 
228  199 
228  203 
228  206 
228  207 
228  209 
228  212 
228  214 
228  219 
228  226 
228  227 
229  196 
229  197 
229  203 
229  207 
229  208 
229  213 
229  219 
229  222 
229  226 
229  227 
229  228 
230  134 
230  189 
230  206 
230  213 
230  218 
230  219 
230  221 
230  223 
230  226 
230  227 
230  229 
231  121 
231  197 
231  198 
231  226 
231  227 
231  228 
231  229 
231  230 
232  175 
232  198 
232  199 
232  203 
232  205 
232  207 
232  219 
232  228 
232  229 
232  231 
233  51 
233  196 
233  199 
233  200 
233  202 
233  204 
233  205 
233  207 
233  208 
233  219 
233  223 
233  224 
233  225 
233  226 
233  228 
233  229 
233  232 
234  196 
234  197 
234  198 
234  199 
234  202 
234  203 
234  204 
234  206 
234  207 
234  211 
234  219 
234  228 
234  229 
234  231 
234  232 
234  233 
235  147 
235  180 
235  196 
235  197 
235  198 
235  207 
235  208 
235  221 
235  226 
235  228 
235  229 
235  231 
235  232 
235  233 
235  234 
236  197 
236  198 
236  199 
236  203 
236  207 
236  208 
236  219 
236  226 
236  228 
236  229 
236  231 
236  232 
236  233 
236  234 
236  235 
237  149 
237  193 
237  194 
237  202 
237  210 
237  211 
237  216 
237  217 
237  233 
237  234 
237  235 
238  196 
238  197 
238  199 
238  203 
238  207 
238  219 
238  226 
238  228 
238  229 
238  232 
238  233 
238  234 
239  226 
239  229 
239  232 
239  233 
239  234 
239  235 
239  238 
240  121 
240  173 
240  174 
240  198 
240  202 
240  207 
240  224 
240  226 
240  228 
240  229 
240  231 
240  232 
240  233 
240  234 
240  235 
240  238 
241  196 
241  197 
241  199 
241  203 
241  204 
241  205 
241  223 
241  224 
241  226 
241  228 
241  229 
241  231 
241  232 
241  233 
241  234 
241  235 
241  236 
241  238 
241  239 
241  240 
242  196 
242  198 
242  199 
242  201 
242  203 
242  204 
242  207 
242  226 
242  228 
242  229 
242  230 
242  231 
242  232 
242  233 
242  234 
242  235 
242  236 
242  238 
242  239 
242  240 
242  241 
243  174 
243  196 
243  197 
243  198 
243  199 
243  204 
243  205 
243  207 
243  219 
243  226 
243  228 
243  229 
243  231 
243  232 
243  233 
243  234 
243  235 
243  238 
243  239 
243  240 
243  241 
243  242 
244  191 
244  209 
244  211 
244  212 
244  213 
244  214 
244  218 
244  221 
244  230 
244  237 
245  186 
245  209 
245  211 
245  212 
245  213 
245  214 
245  218 
245  224 
245  244 
246  186 
246  222 
246  230 
246  232 
246  244 
247  114 
247  175 
247  196 
247  210 
247  232 
247  237 
247  246 
248  149 
248  193 
248  195 
248  206 
248  213 
248  214 
248  235 
248  237 
248  240 
249  197 
249  199 
249  207 
249  237 
249  240 
249  241 
249  248 
250  175 
250  219 
250  232 
251  221 
251  245 
252  195 
252  214 
252  237 
252  246 
252  248 
252  251 
253  214 
253  229 
253  241 
253  246 
253  248 
253  251 
253  252 
255  175 
255  250 
256  175 
256  250 
256  255 
257  251 
257  252 
258  197 
258  200 
258  235 
258  251 
258  252 
258  253 
259  197 
259  258 
260  197 
260  200 
260  235 
260  258 
260  259 
261  197 
261  200 
261  230 
261  235 
261  258 
261  259 
261  260 
262  189 
262  197 
262  200 
262  235 
262  237 
262  258 
262  259 
262  260 
262  261 
263  189 
263  227 
263  230 
263  262 
264  189 
264  197 
264  200 
264  235 
264  247 
264  258 
264  259 
264  260 
264  261 
264  262 
265  197 
265  200 
265  235 
265  258 
265  259 
265  260 
265  261 
265  262 
265  264 
266  197 
266  200 
266  235 
266  258 
266  259 
266  260 
266  261 
266  262 
266  264 
266  265 
267  197 
267  235 
267  258 
267  259 
267  260 
267  261 
267  262 
267  264 
267  265 
267  266 
268  197 
268  235 
268  258 
268  259 
268  260 
268  261 
268  262 
268  263 
268  264 
268  265 
268  266 
268  267 
269  189 
269  195 
269  197 
269  200 
269  235 
269  258 
269  259 
269  260 
269  261 
269  262 
269  264 
269  265 
269  266 
269  267 
269  268 
270  189 
270  197 
270  200 
270  235 
270  258 
270  259 
270  260 
270  261 
270  262 
270  263 
270  264 
270  265 
270  266 
270  267 
270  268 
270  269 
271  196 
272  221 
272  260 
272  265 
272  270 
273  189 
273  272 
274  272 
274  273 
276  275 
277  264 
277  275 
277  276 
278  189 
278  221 
278  230 
278  235 
278  265 
278  272 
278  273 
278  274 
280  189 
280  275 
280  276 
280  279 
281  263 
281  265 
282  197 
282  249 
282  261 
282  278 
282  279 
282  280 
283  197 
283  262 
283  275 
283  276 
283  277 
283  279 
283  280 
283  282 
284  281 
286  285 
287  200 
287  258 
287  260 
287  262 
287  264 
287  265 
287  269 
287  285 
288  258 
288  259 
288  260 
288  261 
288  262 
288  266 
288  270 
288  287 
289  261 
289  263 
289  269 
289  270 
289  287 
289  288 
290  189 
290  260 
290  266 
290  285 
290  287 
290  288 
290  289 
291  258 
291  261 
291  262 
291  266 
291  269 
291  270 
291  286 
291  287 
291  288 
291  289 
291  290 
292  235 
292  258 
292  262 
292  264 
292  265 
292  267 
292  269 
292  287 
292  288 
292  289 
292  290 
292  291 
293  189 
293  197 
293  235 
293  248 
293  258 
293  261 
293  268 
293  270 
293  287 
293  288 
293  289 
293  290 
293  291 
293  292 
294  262 
294  264 
294  266 
294  276 
294  284 
294  287 
294  288 
294  289 
294  290 
294  291 
294  292 
294  293 
295  189 
295  258 
295  262 
295  265 
295  266 
295  268 
295  286 
295  288 
295  289 
295  290 
295  292 
295  293 
296  235 
296  270 
297  197 
297  235 
297  258 
297  263 
297  264 
297  265 
297  268 
297  287 
297  288 
297  289 
297  290 
297  291 
297  292 
297  293 
297  294 
297  295 
298  261 
298  264 
298  265 
298  266 
298  267 
298  269 
298  270 
298  285 
298  287 
298  288 
298  289 
298  290 
298  291 
298  292 
298  293 
298  294 
298  295 
298  297 
299  235 
299  251 
299  259 
299  260 
299  261 
299  263 
299  264 
299  265 
299  267 
299  269 
299  270 
299  278 
299  285 
299  287 
299  288 
299  289 
299  290 
299  291 
299  292 
299  293 
299  294 
299  295 
299  297 
299  298 
300  197 
300  235 
300  258 
300  259 
300  260 
300  261 
300  262 
300  264 
300  268 
300  269 
300  272 
300  278 
300  287 
300  288 
300  289 
300  290 
300  291 
300  292 
300  293 
300  294 
300  295 
300  297 
300  298 
300  299 
301  189 
301  259 
301  260 
301  262 
301  264 
301  265 
301  287 
301  288 
301  289 
301  290 
301  291 
301  292 
301  293 
301  294 
301  295 
301  297 
301  298 
301  299 
301  300 
302  258 
302  259 
302  261 
302  263 
302  265 
302  267 
302  268 
302  269 
302  270 
302  285 
302  288 
302  289 
302  290 
302  291 
302  292 
302  293 
302  295 
302  297 
302  298 
302  299 
302  300 
302  301 
303  200 
303  235 
303  258 
303  260 
303  264 
303  265 
303  266 
303  267 
303  268 
303  270 
303  272 
303  287 
303  288 
303  289 
303  290 
303  291 
303  292 
303  293 
303  294 
303  295 
303  297 
303  298 
303  299 
303  300 
303  301 
303  302 
304  197 
304  235 
304  259 
304  260 
304  261 
304  262 
304  264 
304  265 
304  266 
304  269 
304  270 
304  287 
304  288 
304  289 
304  290 
304  291 
304  292 
304  293 
304  294 
304  295 
304  297 
304  298 
304  299 
304  300 
304  301 
304  302 
304  303 
305  189 
305  197 
305  260 
305  261 
305  264 
305  266 
305  270 
305  287 
305  288 
305  289 
305  290 
305  291 
305  292 
305  293 
305  294 
305  297 
305  298 
305  299 
305  300 
305  301 
305  302 
305  303 
305  304 
307  197 
307  258 
307  261 
307  262 
307  265 
307  267 
307  269 
308  251 
308  291 
308  299 
308  306 
309  270 
309  283 
309  303 
309  306 
309  308 
310  194 
310  258 
310  263 
310  264 
310  292 
310  300 
310  302 
310  304 
311  310 
312  189 
312  262 
312  277 
312  283 
312  289 
312  298 
312  310 
313  261 
313  262 
313  263 
313  264 
313  270 
313  287 
313  288 
313  290 
313  293 
313  297 
313  299 
313  302 
313  303 
313  310 
313  311 
313  312 
314  293 
314  303 
314  310 
314  312 
314  313 
315  263 
315  270 
315  310 
315  311 
315  312 
315  313 
315  314 
316  189 
316  262 
316  264 
316  276 
316  282 
316  285 
316  286 
316  310 
316  312 
316  313 
316  314 
316  315 
317  263 
317  264 
317  268 
317  300 
317  302 
317  310 
317  311 
317  312 
317  313 
317  314 
317  315 
317  316 
318  263 
318  268 
318  270 
318  290 
318  298 
318  303 
318  310 
318  311 
318  312 
318  313 
318  314 
318  315 
318  316 
318  317 
319  235 
319  258 
319  260 
319  263 
319  264 
319  266 
319  269 
319  270 
319  287 
319  288 
319  290 
319  291 
319  292 
319  293 
319  297 
319  298 
319  299 
319  300 
319  301 
319  302 
319  303 
319  304 
319  305 
319  312 
320  265 
320  275 
320  280 
320  283 
321  320 
322  285 
322  286 
322  316 
322  320 
322  321 
323  263 
323  301 
323  307 
323  316 
323  320 
323  321 
325  197 
325  297 
325  310 
325  317 
326  227 
326  263 
326  317 
326  322 
327  227 
327  263 
327  264 
327  285 
327  315 
327  326 
328  326 
328  327 
329  315 
329  326 
329  327 
329  328 
330  325 
331  263 
331  300 
331  305 
331  312 
331  315 
332  310 
332  311 
332  314 
332  317 
332  318 
332  320 
332  322 
332  326 
332  331 
333  264 
334  263 
334  264 
334  333 
335  263 
335  323 
336  323 
336  335 
337  263 
337  333 
338  334 
338  337 
339  333 
339  334 
339  337 
339  338 
340  227 
340  230 
340  263 
340  333 
340  334 
340  337 
340  338 
340  339 
341  263 
341  334 
341  337 
341  338 
341  339 
341  340 
342  230 
342  333 
342  337 
342  338 
342  339 
342  340 
342  341 
343  230 
343  341 
344  230 
344  263 
344  308 
344  338 
344  343 
345  263 
345  334 
345  339 
345  341 
345  342 
345  343 
345  344 
346  334 
346  343 
346  345 
347  263 
347  336 
347  341 
347  342 
348  263 
348  335 
348  347 
349  263 
349  323 
349  336 
349  340 
349  347 
349  348 
350  340 
350  341 
350  347 
350  348 
350  349 
351  343 
351  347 
351  348 
351  349 
351  350 
352  339 
352  347 
352  348 
352  349 
352  351 
353  227 
353  347 
353  348 
353  349 
353  350 
353  351 
354  334 
354  336 
356  341 
356  348 
356  349 
356  353 
357  263 
357  354 
358  263 
358  347 
358  357 
359  263 
359  347 
359  348 
359  349 
359  357 
359  358 
360  263 
360  323 
360  348 
360  357 
360  359 
361  263 
361  335 
361  347 
361  357 
361  358 
361  359 
361  360 
362  230 
362  323 
362  347 
363  263 
363  338 
363  357 
363  358 
363  359 
363  360 
363  361 
364  263 
364  336 
364  346 
364  347 
364  348 
364  357 
364  358 
364  359 
364  360 
364  361 
364  362 
364  363 
365  230 
365  338 
365  339 
365  341 
365  342 
365  343 
365  361 
365  362 
366  263 
366  338 
366  356 
366  357 
366  358 
366  359 
366  361 
366  363 
366  364 
367  263 
367  307 
367  333 
367  349 
367  357 
367  358 
367  359 
367  361 
367  363 
367  364 
367  366 
368  263 
368  346 
368  349 
368  356 
368  357 
368  358 
368  359 
368  361 
368  363 
368  364 
368  366 
368  367 
369  263 
369  338 
369  343 
369  348 
369  354 
369  357 
369  358 
369  359 
369  360 
369  361 
369  362 
369  363 
369  364 
369  365 
369  366 
369  367 
369  368 
370  359 
370  361 
370  363 
370  364 
370  366 
370  368 
370  369 
371  339 
371  341 
371  362 
371  363 
371  364 
371  365 
371  367 
372  357 
372  359 
372  361 
372  364 
372  367 
372  370 
373  230 
373  342 
373  362 
373  365 
373  371 
374  230 
374  342 
374  343 
374  362 
374  364 
374  365 
374  371 
374  373 
375  263 
375  338 
375  357 
375  359 
375  360 
375  361 
375  363 
375  364 
375  366 
375  367 
375  368 
375  369 
375  370 
375  372 
376  343 
376  344 
376  347 
376  348 
376  349 
376  352 
376  354 
376  356 
376  362 
376  365 
376  371 
377  263 
377  334 
377  360 
377  364 
377  367 
377  369 
378  334 
378  349 
378  352 
378  356 
378  361 
378  362 
379  308 
380  308 
380  343 
380  356 
380  369 
380  379 
381  263 
381  323 
381  334 
381  354 
381  360 
381  361 
381  362 
381  377 
382  333 
382  339 
382  341 
382  347 
382  349 
383  263 
383  333 
383  338 
383  339 
383  341 
383  382 
384  343 
385  343 
385  359 
385  364 
385  383 
385  384 
386  263 
386  323 
386  335 
386  336 
386  364 
386  377 
386  382 
387  323 
387  335 
387  336 
387  360 
387  376 
387  381 
387  386 
388  263 
388  323 
388  335 
388  336 
388  349 
388  364 
388  384 
388  385 
388  386 
388  387 
389  381 
389  387 
390  323 
390  335 
390  386 
390  387 
391  323 
391  335 
391  336 
391  381 
391  386 
391  387 
391  388 
391  390 
392  323 
392  335 
392  336 
392  364 
392  384 
392  385 
392  386 
392  387 
392  388 
392  390 
392  391 
393  323 
393  335 
393  336 
393  385 
393  386 
393  387 
393  388 
393  390 
393  391 
393  392 
394  323 
394  335 
394  336 
394  349 
394  386 
394  387 
394  388 
394  391 
394  392 
394  393 
395  263 
395  323 
395  335 
395  336 
395  349 
395  384 
395  386 
395  387 
395  388 
395  390 
395  391 
395  392 
395  393 
395  394 
396  359 
396  376 
396  381 
396  385 
397  263 
397  359 
397  360 
397  364 
397  384 
398  359 
398  397 
399  323 
399  335 
399  343 
399  359 
399  360 
399  376 
399  385 
399  386 
399  387 
399  388 
399  389 
399  397 
400  343 
400  359 
400  387 
400  399 
401  323 
401  343 
401  384 
401  385 
401  387 
401  389 
401  391 
401  397 
401  399 
401  400 
402  401 
404  376 
404  401 
405  359 
405  360 
405  397 
405  398 
406  343 
406  384 
406  385 
406  389 
406  401 
407  343 
407  389 
407  399 
407  400 
408  376 
409  406 
410  409 
411  343 
411  359 
411  376 
411  382 
411  383 
411  384 
411  397 
411  399 
411  400 
411  401 
411  406 
411  409 
412  411 
413  356 
413  381 
413  389 
413  406 
414  381 
414  385 
414  401 
414  406 
414  413 
415  343 
415  400 
415  401 
415  406 
415  411 
415  414 
416  409 
416  413 
416  415 
417  376 
417  412 
417  414 
417  416 
418  376 
418  381 
418  401 
418  406 
418  414 
418  415 
418  417 
419  401 
419  411 
420  376 
420  385 
420  401 
420  406 
420  408 
420  411 
420  412 
420  415 
420  418 
421  400 
421  401 
421  411 
421  415 
